7.938832513450942763e+00 7.999913710576947778e+00
7.979311023888584486e+00 7.861066144459785576e+00
8.199705669027430588e+00 7.864542303312584970e+00
8.137078135345715779e+00 7.919016642592630717e+00
7.866434970181376940e+00 8.037534721901383961e+00
8.103856742253290335e+00 8.122455911773419857e+00
7.844884659868232468e+00 7.782134215020673373e+00
7.898106302420873526e+00 7.885061687690308574e+00
7.952653945611785069e+00 7.962731019166932711e+00
8.060006238560461611e+00 8.210062849400241447e+00
8.167065326047488583e+00 7.949323261715132816e+00
8.005507987599958852e+00 8.037713165808618498e+00
8.029991596052850511e+00 7.968124060176352330e+00
8.241337175055971187e+00 8.114040421818412341e+00
8.053514278381541658e+00 8.095690869346469754e+00
7.959732508859233668e+00 7.954539996516091449e+00
8.052556516437270773e+00 8.187886976702328568e+00
7.812669939206779546e+00 7.913120293238699254e+00
7.942573362334979237e+00 8.041021056722243543e+00
8.152304957838994781e+00 7.993038365160594516e+00
8.105161317920662967e+00 8.150338105225431562e+00
7.929973827840242073e+00 7.898318139826359996e+00
8.041568624754779293e+00 7.915940412315381813e+00
8.054959844777375366e+00 7.931457765879565969e+00
8.057190134920402258e+00 8.246802970147259160e+00
8.173283675652266211e+00 7.808006089276604555e+00
8.123775328094284376e+00 7.995458574671088670e+00
8.136912391640869657e+00 7.932885740513547113e+00
7.949762809438931654e+00 8.109409124202541008e+00
8.014888594632664010e+00 7.943824256507629578e+00
7.944491480380186488e+00 8.039257077014717368e+00
8.060264612735691614e+00 8.102204118717970971e+00
7.929771098251534589e+00 7.965214517239901149e+00
8.006224954712813258e+00 7.879913814954385032e+00
8.211041301034850193e+00 7.789459909243485747e+00
7.960574036447586543e+00 8.049515901924531036e+00
8.068095274532943506e+00 7.956512317424815350e+00
7.981260186772170862e+00 7.870113588167359175e+00
7.926920738893015184e+00 7.995980625947690434e+00
8.118646718188934130e+00 7.924973446588151837e+00
7.939896014169389282e+00 8.067546410442798077e+00
7.954154315337786052e+00 8.033131408039855259e+00
8.156142427884676138e+00 8.111231938541555664e+00
7.989776893273885960e+00 7.907051371946776541e+00
8.200947149990339469e+00 7.877667910851568145e+00
8.115231465340290384e+00 8.036696308330370186e+00
7.742947753758621765e+00 8.140428299131230006e+00
8.020450750752031510e+00 7.909502789383701327e+00
8.053885353292393745e+00 7.995342055484317534e+00
8.123342306091993592e+00 7.867950508988796443e+00
7.918077619325159411e+00 7.945958057056125234e+00
7.945987094165882780e+00 7.845726879777631169e+00
7.902449984510655945e+00 8.202791586434253546e+00
7.808199559180832416e+00 8.106047058990878185e+00
7.946257743394752104e+00 7.923627037737988488e+00
8.106983817691824967e+00 8.112152036215455553e+00
8.077793462880187292e+00 8.210773672764380748e+00
7.981509559114002172e+00 7.986400907998639553e+00
7.907678774721441428e+00 8.000062703193266955e+00
8.168753433528555874e+00 7.933573949445803741e+00
7.979942691158970369e+00 8.009546710865347308e+00
8.042954671769118491e+00 7.948403254355446812e+00
7.979438581155228860e+00 7.882458759810303306e+00
8.198657184241399776e+00 8.063769232216177585e+00
7.897317606380150679e+00 8.167978740158654105e+00
7.977065004921149338e+00 8.050752561786218564e+00
8.052811407718202474e+00 8.044863662067211152e+00
7.890481028223371496e+00 8.172994665124766911e+00
7.936477761912526852e+00 7.961954225152993558e+00
7.927360332716191671e+00 8.169706854302930310e+00
7.987092743455070476e+00 8.001162902313518899e+00
7.994323471907981649e+00 7.688448077578525997e+00
7.949245097747194677e+00 7.831639170206648792e+00
7.973158314651574763e+00 7.977873217153442553e+00
8.036427757342661238e+00 7.956721774421850135e+00
8.186138796054274636e+00 8.106545681604071518e+00
8.058695836901188514e+00 8.009323884675794147e+00
8.003970744935477555e+00 7.907795173563406443e+00
8.008605265923776528e+00 8.000456614920317122e+00
7.949948316596620046e+00 7.925758163265875567e+00
8.020077330967421148e+00 8.069136189448467888e+00
7.929174485226345048e+00 8.086833236030766869e+00
8.121318918520483265e+00 8.094702014155616965e+00
8.004179011642200692e+00 7.968832047413106245e+00
7.785167850075734641e+00 8.024230618058290077e+00
8.077819639546873987e+00 8.001251324913015495e+00
7.885466727455456848e+00 7.970314963484840476e+00
7.963346040323168396e+00 7.926236527148575739e+00
8.064173439823498768e+00 8.151118459802694005e+00
8.048602404691466816e+00 8.076278324058305813e+00
7.872433111756197199e+00 7.957722639390337527e+00
8.092563104182113776e+00 7.966689511445573579e+00
7.935651982172914565e+00 7.983833438664789561e+00
8.110222552337612356e+00 7.770634549425205151e+00
7.921964570051232002e+00 8.088123256336750444e+00
7.938222568079236652e+00 8.046293960651530242e+00
7.895260198348020175e+00 8.013219235500601556e+00
7.987662084197353352e+00 8.120796715856814174e+00
8.095841721153760773e+00 8.034447917863113631e+00
7.986897385677698580e+00 8.162318090498265732e+00
7.968516142197962893e+00 8.030351363959228550e+00
8.068208250143054983e+00 7.909443041844424371e+00
7.975624936116757269e+00 8.041756723546846786e+00
7.867265812460518148e+00 7.951154339247353597e+00
7.824599526223379620e+00 8.039375060225877334e+00
7.986077365892206181e+00 8.003127591842890354e+00
7.936992398985850627e+00 7.975201427324264181e+00
7.929204682731833209e+00 7.993099536128998928e+00
7.895462640623380324e+00 7.788563549640602268e+00
8.124108492280413429e+00 8.063434120367176661e+00
7.996419671099061155e+00 7.874316012016023159e+00
7.969002203452706823e+00 8.069562606167856700e+00
7.996200208563423395e+00 7.926849225924785358e+00
7.860857729480112965e+00 7.982890806411139906e+00
8.101108240296174046e+00 8.156419314892080052e+00
7.976376195531748259e+00 7.923919644504021420e+00
8.042125970873142293e+00 7.917278119802343639e+00
8.027277697966788139e+00 7.920480796978527138e+00
8.109709616040417401e+00 8.026137923362121285e+00
8.033804991778541904e+00 7.926097168099141221e+00
7.978324111976521138e+00 8.042770653100786760e+00
7.939672180795165346e+00 8.037933963725011566e+00
8.035552634270070271e+00 8.145921028597804536e+00
8.088997924423431130e+00 7.887902840145782690e+00
7.994468990495894545e+00 8.012981533059381434e+00
8.086293282407185146e+00 8.096733210916864820e+00
8.093464041145976395e+00 7.984646192504691875e+00
7.916106079774483995e+00 8.061342814287540293e+00
7.865094808743461563e+00 7.738675332420330122e+00
8.067619204445460213e+00 7.743330291769308538e+00
8.027944269010278688e+00 7.953954623974638594e+00
7.853654684028213318e+00 8.013629015806140288e+00
7.995234465092476484e+00 7.924553973091363446e+00
7.994789465757953906e+00 8.021576400547338892e+00
7.913952246416696923e+00 7.938234686415692742e+00
7.898821594736958218e+00 7.836711308599396020e+00
8.126338151780274188e+00 7.953219702791607837e+00
7.916893973796860884e+00 8.037514736843558438e+00
7.863529773321858762e+00 8.062396713597220099e+00
7.943540199946475866e+00 8.087119007444615093e+00
8.117672786483948855e+00 8.070089779931276297e+00
8.006127506574223673e+00 7.916545294385517018e+00
8.181220658245351274e+00 7.873503257444009584e+00
8.045254253832096580e+00 7.885143806157210555e+00
8.118329373907636537e+00 8.135299791084694476e+00
8.103687423890461261e+00 7.976910153753228094e+00
7.935176029506100015e+00 7.970088661298181165e+00
7.987702064797154833e+00 7.944237938446686798e+00
8.031982631699630559e+00 8.087991462979324808e+00
8.146880179718825943e+00 7.925802895584628693e+00
7.985404431988302854e+00 8.072441175761303711e+00
7.979472373849477052e+00 8.040197737508510301e+00
7.808613052522728637e+00 8.045086933663640139e+00
8.022720770589048200e+00 8.050450468735924403e+00
8.109643349305022397e+00 7.862769960887669107e+00
7.947014367779003052e+00 8.186295080596151408e+00
7.980881511630659730e+00 8.323603598697106420e+00
7.980911452907113457e+00 7.852394374983948211e+00
7.992109406309941377e+00 8.004032827422911112e+00
7.822521341619245838e+00 8.046599283998386198e+00
7.974259130869628009e+00 8.004219966683981724e+00
7.956074382386686850e+00 8.043813700263488187e+00
8.037699727721221876e+00 8.148361409795299437e+00
8.074103128948539876e+00 8.134364774725920455e+00
8.119002325118515273e+00 7.904586722022693301e+00
7.951170955414526453e+00 7.924669245029454245e+00
8.070127780123184991e+00 7.949446044036065473e+00
8.063656044479914797e+00 8.244994386354123961e+00
7.964322656956649205e+00 7.994846501507447911e+00
7.960416557860167330e+00 7.924819260083171280e+00
8.007471613504442587e+00 8.046103053282978479e+00
7.968237652152159178e+00 7.997593524420818056e+00
7.967765861003642591e+00 8.048288000923021102e+00
8.044611531290769335e+00 7.933191310300893306e+00
7.878792494192497387e+00 7.928790731937058744e+00
8.147561473925302167e+00 7.948648400700776939e+00
8.031325367510872226e+00 7.979129462667860828e+00
7.917688775530065115e+00 8.000594999037723198e+00
8.160546688750310196e+00 7.982536991624939127e+00
8.105548591319234220e+00 7.751516588284238729e+00
7.942436352005654676e+00 7.973988705327038851e+00
7.931092359948366699e+00 8.002906580944470605e+00
7.811629358314348792e+00 7.975366920473637045e+00
8.019730197997262167e+00 7.958041812269167181e+00
8.143094544784256428e+00 7.966279862060028805e+00
7.973846381031834518e+00 7.879161821293177326e+00
8.059417556576626396e+00 7.985265777021439249e+00
8.000631111179444588e+00 8.018903763414460428e+00
8.151985708085131677e+00 7.972674302946281877e+00
8.100788790281685081e+00 7.970014368729197329e+00
7.920026483386926941e+00 8.018612751906031733e+00
8.016960628030890490e+00 7.964822610964215066e+00
7.915760818891079076e+00 8.032076033220249656e+00
7.960531122884277444e+00 7.904922051384314585e+00
7.843512503146765624e+00 8.122812266322855024e+00
7.902709287595721221e+00 8.002377412057226636e+00
8.062159479345424984e+00 8.029535283652677435e+00
7.806618842622672361e+00 7.920323101437845459e+00
8.029123073718100301e+00 8.079683614521494306e+00
7.997916065491482485e+00 8.028745311050874633e+00
8.065970125621884534e+00 8.141668919916295266e+00
8.015877179911880646e+00 8.054322427261691786e+00
7.773772209053403159e+00 8.095426464862594429e+00
7.893752153297803886e+00 8.097986126963409248e+00
7.950193039315866628e+00 8.088181416137732782e+00
8.059901700896698884e+00 8.048716665198009323e+00
7.922795938058102116e+00 8.200260771636211032e+00
8.081789728990107946e+00 7.924874225287835472e+00
7.921124235217027021e+00 8.070372970430467419e+00
7.882751139728922496e+00 8.097686383033849467e+00
7.919870281336146789e+00 7.948362709818455940e+00
7.903826187021581795e+00 8.056674835493540243e+00
7.977756317175362710e+00 7.913568474798274188e+00
8.020949546751200643e+00 7.983192745170403448e+00
8.072371243144980113e+00 8.104637510911326004e+00
7.897418800511728953e+00 8.047157577792102501e+00
7.954434989527569222e+00 7.981127230138600481e+00
7.942996846565061553e+00 8.026670601462216226e+00
7.908096617862783617e+00 8.015352525762342140e+00
8.017030652962871429e+00 7.931548239408073186e+00
7.880292970816306308e+00 8.129339531756841097e+00
8.111204513928145232e+00 7.972063795584579005e+00
7.869173836160578972e+00 8.122619570277588963e+00
7.940520080394917635e+00 7.937791369185012158e+00
8.252590162688704822e+00 8.002214202777535590e+00
8.095386745149127705e+00 8.188553092332220729e+00
7.890214386433314964e+00 7.969455038178444362e+00
8.198094855217055610e+00 7.812714185979990233e+00
7.760741778549665071e+00 7.963699118940126276e+00
8.012611306336564709e+00 8.164709956422369075e+00
7.996092931491594946e+00 7.818247143434040147e+00
8.087283520914798629e+00 8.003418054878496335e+00
8.242591817295569001e+00 7.992372464044396274e+00
8.068135530420530444e+00 8.159543560736942425e+00
8.138443387346891100e+00 8.029922522577331634e+00
7.889434131746052792e+00 8.134393236458802079e+00
8.096443898188272925e+00 8.134321646430349162e+00
8.113826110318861140e+00 8.140736488518605540e+00
8.028334682295895419e+00 7.958673495057460912e+00
7.913891418964502655e+00 7.930093677937485097e+00
7.917221353094348046e+00 8.102685099834493698e+00
7.871170015801897790e+00 8.086605220527220084e+00
8.106541554687597184e+00 7.903231573876782434e+00
7.999026973267381102e+00 7.989998131681481652e+00
8.094451507372012244e+00 8.158909985547193600e+00
7.995118993194846979e+00 8.172673187431684028e+00
8.077417022581972361e+00 8.241502342591777719e+00
8.034539971204813114e+00 8.072563856564254792e+00
7.901628679390347187e+00 8.048315540466592921e+00
7.909333523230144714e+00 8.066128271642041270e+00
7.950471832285971985e+00 8.028351273612821970e+00
8.104999934509621085e+00 7.937832027251646494e+00
8.031299591389904791e+00 8.026045482983960255e+00
8.031798619285373420e+00 8.035889581935725445e+00
7.906370552168737298e+00 8.012681421917083213e+00
7.900298741194039742e+00 7.953373546653802251e+00
7.949705896747919276e+00 7.985990651809296459e+00
7.948700814097914957e+00 7.910903616913256720e+00
7.981957255650665495e+00 7.791984697087332989e+00
8.033863378798425714e+00 8.032321585151796839e+00
7.902750462154586764e+00 8.031443333539522555e+00
7.845468772016141124e+00 7.969775423649308799e+00
7.875372965917787127e+00 8.015378404071574536e+00
7.921401126813679028e+00 8.122503680963802708e+00
7.999181916416080007e+00 8.067498476774410676e+00
7.948394293166948898e+00 8.020194682175539214e+00
7.966779042421900492e+00 7.914485003585181033e+00
7.916444864063334919e+00 7.782738046860592007e+00
8.041736520833673296e+00 8.013477684922783340e+00
8.017545784180754254e+00 8.074251793482517314e+00
8.049124948087351683e+00 7.985182721808859796e+00
8.002291675673930627e+00 8.094705309401820870e+00
8.035987514547176858e+00 8.201591294145332611e+00
7.964910741910991021e+00 8.114780897591973741e+00
8.188937070810936802e+00 7.903001463403738214e+00
8.027423973696038217e+00 7.832155913515943091e+00
7.939197410928910514e+00 7.919225180597099900e+00
8.031929715547100557e+00 7.866013676447242808e+00
7.948826022842665040e+00 7.877404730209337735e+00
7.909007411385920783e+00 8.112442617180903426e+00
8.105115583638223598e+00 8.004977125342568556e+00
7.929407345595002710e+00 7.987522141536459230e+00
8.040382760984661203e+00 8.205963042134891694e+00
8.001802884892635248e+00 7.853385539073537203e+00
7.899134250453621497e+00 8.238820841874089140e+00
7.916945790599288379e+00 7.974527201147445510e+00
7.995633799564680011e+00 7.692366901172898785e+00
8.033083750374434118e+00 8.022137651085254006e+00
7.895646142196579120e+00 8.021238905135945174e+00
7.974391283357719296e+00 8.058143930735518268e+00
8.100388826290167543e+00 8.076477700754857381e+00
7.964069409655425424e+00 8.088941123391640176e+00
8.126611718774105597e+00 8.051657573899584364e+00
7.950068239985377261e+00 7.885365246019399699e+00
7.784593865814923852e+00 8.074634832313822841e+00
8.105588573311054645e+00 8.033842257635200212e+00
7.903156086284446324e+00 8.001955577736058700e+00
7.995622868867756416e+00 8.125084970399010231e+00
7.955834911247115393e+00 7.847180889872101162e+00
7.775217064480011153e+00 8.011405234181170343e+00
7.986852355398683656e+00 7.918109743370734144e+00
7.868994269146461384e+00 7.856850515366557097e+00
7.973107538301289487e+00 7.911135749286290597e+00
8.042896837110669495e+00 8.019822281429020094e+00
7.965129258780939914e+00 8.020780603360446293e+00
8.075602134325412962e+00 7.983361662450572105e+00
8.018577437975746847e+00 7.930363080334395853e+00
7.871219989101851944e+00 8.179042523588410774e+00
7.915331130904556645e+00 7.815952940342064004e+00
7.831438373792749097e+00 7.914193602949017858e+00
7.956337372369044481e+00 7.904189259998033457e+00
8.291053790413863922e+00 8.048550710799910135e+00
8.024081804323488498e+00 8.032322726784455469e+00
7.915403711385688545e+00 7.921751262033907892e+00
7.968724844955259456e+00 8.055921365011819546e+00
7.824548027216553514e+00 8.251057960231388932e+00
7.981571292475647006e+00 7.848104520425097874e+00
8.069344107605223471e+00 7.891629202435466617e+00
7.946376233092538932e+00 7.966152233987517484e+00
8.043252777905493645e+00 7.886537805554787006e+00
8.022720506960954623e+00 7.880141041597434892e+00
8.044253069238765264e+00 8.194401949816988662e+00
7.940966851478694188e+00 7.933639470756594037e+00
7.903514120503381868e+00 8.068042581919364409e+00
7.963619444975730488e+00 7.924012762656063913e+00
7.883992195519567758e+00 7.989459752100626311e+00
7.969292934235628678e+00 8.115567636024735521e+00
7.835075674139131863e+00 8.085204954669189092e+00
8.087687715870636396e+00 8.011420817259681471e+00
8.081357353459296178e+00 7.992944198848423554e+00
8.165516031472053626e+00 7.935983712143173996e+00
8.240286382152641309e+00 8.105224480660542241e+00
8.063442744019777564e+00 7.914029630083712519e+00
7.942947629950382726e+00 8.018360561395425634e+00
7.948485123676091391e+00 7.940900839189882987e+00
8.025484602700679204e+00 7.881293471795786765e+00
7.899150521287062965e+00 7.954738082809242883e+00
7.952499127036098514e+00 8.000684624506428477e+00
8.166471738655211254e+00 7.885444927308602026e+00
8.086711202687416389e+00 8.009262595146427799e+00
8.078679478755908860e+00 7.979056123918708998e+00
7.900645841581942719e+00 7.918850453698781600e+00
7.986768912263892517e+00 7.984511013197739260e+00
8.034015587036060779e+00 7.932309161214977422e+00
7.878423110857414535e+00 7.888458973601312429e+00
7.994666450649897449e+00 8.186709956317830716e+00
8.059566421854578167e+00 8.097023938688453271e+00
7.909253628494820276e+00 7.925112129271121297e+00
7.999922650879070396e+00 8.175563273334947922e+00
7.976013583778183147e+00 8.047155545107699481e+00
8.078266173422232299e+00 7.859868677404910464e+00
7.931608763326691403e+00 7.847512741215053822e+00
7.989067771911943616e+00 8.006190997719725644e+00
7.941685772779084829e+00 8.015801745375046750e+00
7.918528232970803771e+00 8.245682907377176463e+00
7.918902059859997955e+00 7.902696179497091578e+00
7.982549358797441208e+00 8.056901497616360430e+00
7.981170570237272166e+00 7.915188350035141873e+00
7.898137052002708103e+00 8.105199566475642214e+00
8.009665459821983191e+00 8.016475235554066714e+00
8.091542153231070955e+00 8.130183720064289687e+00
7.953127129107996574e+00 8.001686616728440171e+00
8.001365803120705777e+00 8.031571807882915692e+00
7.919801011137298730e+00 8.000397174311871140e+00
8.099161313139953577e+00 7.963402662722072201e+00
8.105135344029852362e+00 7.968445005606365150e+00
8.078469148295306823e+00 8.035305033063487201e+00
7.978231560729297733e+00 8.022276250333016279e+00
7.935960655799800811e+00 7.985809114241615880e+00
7.881679219053929764e+00 8.036981488289278275e+00
8.192143705115643826e+00 7.963114224648903949e+00
8.036250056056688962e+00 8.035358175481933429e+00
7.917562341387361258e+00 7.989965351583554920e+00
8.060366338100413586e+00 7.983213108069584507e+00
8.029038112467494770e+00 8.139845821272119863e+00
7.926084267334170264e+00 7.979707864577849641e+00
8.109583890723275346e+00 7.904944501643499599e+00
8.078302341316149437e+00 8.095898079062022745e+00
8.106264050355278528e+00 8.119945334356934552e+00
8.106602835031640808e+00 8.033072810536648234e+00
7.896283012774770071e+00 7.982054886800275639e+00
8.055481389233918321e+00 7.920043879594784286e+00
8.003195017136977896e+00 7.936272179605870392e+00
7.955107785085282046e+00 8.014084365523457265e+00
8.200163801724460910e+00 7.973730703339678705e+00
7.898916672576701714e+00 7.941625629194435376e+00
8.074918058991190861e+00 7.832646845578793204e+00
7.786881610387124120e+00 7.901100508090325825e+00
7.950567072090317211e+00 7.956908821422627121e+00
7.993209801142409532e+00 8.072738587967148050e+00
7.904362219827370417e+00 7.957805050636853395e+00
7.916128488870660007e+00 8.017756968901874615e+00
7.914535879439537958e+00 8.049554432113744440e+00
8.121233493806794712e+00 8.037279789403184438e+00
7.955674595635123580e+00 7.940625306787741700e+00
7.995398897266411176e+00 7.892967497451007119e+00
7.885834246856479268e+00 7.877367099025471830e+00
7.965995585969201542e+00 7.997709833414115010e+00
8.057380039958610851e+00 8.008634619229209051e+00
7.861065652908028056e+00 8.011831348378139595e+00
7.982490397902184398e+00 8.075719650321124377e+00
7.879046964681370113e+00 8.078493978909651929e+00
8.042652464535002821e+00 8.276264667831213728e+00
7.917873576049117013e+00 7.967662623375182385e+00
8.044210492433244042e+00 8.002143037068185194e+00
7.961756090503592453e+00 8.037308153973656388e+00
7.984098961084215240e+00 7.923445625225140176e+00
7.893503854899927674e+00 8.175840985074581013e+00
7.965223052546335225e+00 8.014806127053637042e+00
8.110205190294493605e+00 7.846981551706124769e+00
8.043265561642286343e+00 7.974600205136763265e+00
8.063201625547746332e+00 8.024062634440427999e+00
7.860140677483442140e+00 7.966079819243371496e+00
8.170250405298522978e+00 8.100803259827657143e+00
7.992373849211883652e+00 7.897480489925613689e+00
7.961168280022834054e+00 7.924373524716175510e+00
8.010617689594973001e+00 8.009204022020464109e+00
7.977531567534670742e+00 7.925062557917478934e+00
8.148024123683240916e+00 8.147917910630299687e+00
7.985942920651228683e+00 8.087393290535958457e+00
7.830848906682217780e+00 7.997399049027046125e+00
7.987057127635426745e+00 7.964785334705794639e+00
8.017242252066370867e+00 8.040168574764635423e+00
8.068106351745260696e+00 7.935799066305138538e+00
8.016616011893134441e+00 8.075435277112433141e+00
7.983205289569252017e+00 7.903281692327597696e+00
7.832310084349257018e+00 8.191385483114508759e+00
7.990900100063084821e+00 8.160593987969747332e+00
8.165423575608043549e+00 8.110432278125703220e+00
7.881875217257640287e+00 7.726699576335089859e+00
8.140410506300952420e+00 8.120495671492539813e+00
7.979393863277594257e+00 8.065616373036220921e+00
7.914543056820733113e+00 8.014720282207385083e+00
7.922597386223328542e+00 7.882352675162011657e+00
7.866919244841414027e+00 7.944786295839989521e+00
8.165805170717630901e+00 8.040588659895364643e+00
8.052529481704322478e+00 8.033520996644757162e+00
7.989442662271747153e+00 8.022430784159835682e+00
7.927987676482383783e+00 7.971966668137482337e+00
8.044046108286783792e+00 8.035986443536913271e+00
7.962717168123839784e+00 8.106218649744805660e+00
8.089493972784859821e+00 8.088383154174280776e+00
7.991791937268009072e+00 8.041691137822978064e+00
7.853674068371251593e+00 8.049414661707700702e+00
8.039057904426226031e+00 8.027714105642820286e+00
7.804624310872648074e+00 7.957405801347952945e+00
7.971403400056798816e+00 8.005118353395245023e+00
8.000757228194396831e+00 8.166153978573767347e+00
7.947831191666215211e+00 8.064302956351625085e+00
8.010056566074618800e+00 8.020084419492777172e+00
7.913397286402701347e+00 7.792428784177803713e+00
7.948635224194688043e+00 7.815379841463283128e+00
7.839754580425966957e+00 7.926525201312530022e+00
7.879182101591366560e+00 8.008575079626909954e+00
7.909242944201539949e+00 8.099322047497437893e+00
8.062820024041101874e+00 8.201470210255129345e+00
7.995061805678671085e+00 8.009226397696318500e+00
7.944735469265165051e+00 7.829052217085542331e+00
7.971771794775226461e+00 7.979839805962583910e+00
7.984852449156144338e+00 8.024137088400252082e+00
7.733268199228617412e+00 7.894482204907602885e+00
7.967939325601279599e+00 8.069317664129901146e+00
7.766417285390207148e+00 8.047898723372988172e+00
7.994166236077947296e+00 8.066963166704708144e+00
8.068557969689839737e+00 8.123182637794490901e+00
8.084993174673064331e+00 8.110475441801455077e+00
8.023224025769394530e+00 8.144326445741382869e+00
7.959850470959914048e+00 7.975208225692808739e+00
8.067479051435826776e+00 8.059642721242280317e+00
8.019819585826514441e+00 8.006651137029770382e+00
7.937933233994300508e+00 8.159027243273987651e+00
7.785402574966429512e+00 8.086322599445816550e+00
7.935235141691131311e+00 8.117838036166055815e+00
8.001771939151014479e+00 7.931748882626854069e+00
7.945762526953365601e+00 8.206306908310885717e+00
7.702746603018653104e+00 8.121269855321532560e+00
8.012571681710133120e+00 8.127832264346830371e+00
7.976713037910718285e+00 7.885170976273170318e+00
8.093886286061620083e+00 8.042505060701664377e+00
8.002487204183767133e+00 7.954577459784624160e+00
7.956489078735502929e+00 7.811366368495524348e+00
8.077102224205619407e+00 8.003380071886638802e+00
8.073162168751384371e+00 8.125552152014853036e+00
8.169690672764252426e+00 7.894938995717849295e+00
8.160658729844222137e+00 7.843871607009366365e+00
7.890531500114059682e+00 8.040750132366326852e+00
8.072927990519428221e+00 8.122214059372922179e+00
8.094666919078218115e+00 7.973423651712336913e+00
7.896950740493330123e+00 7.933922895452114155e+00
7.960592410872376234e+00 8.058341423927354086e+00
7.991096677776998725e+00 7.984516430924918140e+00
8.030791931431492614e+00 7.991999755800305749e+00
8.095729306865091957e+00 7.877786287208562221e+00
8.125056117797678112e+00 8.128587268738792559e+00
8.070276132687540738e+00 7.913588056794503167e+00
7.914121153749809956e+00 7.860453829922972702e+00
7.879790323835936583e+00 8.158183021441772098e+00
7.984564760709443654e+00 8.004051567120878730e+00
8.155264673387600638e+00 8.050678053230265974e+00
7.982039066621533507e+00 8.025601335151153037e+00
7.844551552398678851e+00 8.099295016676078873e+00
7.901207558672522779e+00 7.987791485383388235e+00
8.114812100270354378e+00 7.925980620857527192e+00
7.907690651118819858e+00 7.940120110188463975e+00
8.051194025508575436e+00 7.939957844303667578e+00
7.876269068333919599e+00 7.904121847587499694e+00
7.872349261308099422e+00 8.023528799830749847e+00
8.054326227748564548e+00 8.000008660739620581e+00
7.957411572107536912e+00 8.155645160963528539e+00
7.906421623953317379e+00 7.978400272856527309e+00
7.933288915513084127e+00 8.021957430387807619e+00
8.032343782652212383e+00 8.105229458303291779e+00
7.904519106705512499e+00 8.028688569202660830e+00
8.103753490142786120e+00 8.081026961616435855e+00
7.882910930604209554e+00 7.957004768423833418e+00
7.949578598765127957e+00 8.036574991241055343e+00
7.934011129660031081e+00 8.019342547769122476e+00
7.857878945094744161e+00 8.163383551806559169e+00
7.799434461621661541e+00 7.830204535117010423e+00
7.897465882237749035e+00 8.041920624393689820e+00
7.987822491488188348e+00 7.932688444624093727e+00
7.977497864733048338e+00 7.968440838903759982e+00
7.981006990905479270e+00 8.099782855803946191e+00
7.976643200943101419e+00 8.035611387603028177e+00
7.901178838480431565e+00 8.121428135895358835e+00
7.998195290298682814e+00 7.866635638092497551e+00
8.161630843563957072e+00 8.079074428352903681e+00
7.865625458814376358e+00 7.968913365658474746e+00
7.995562180751319303e+00 7.931199650224463937e+00
7.949961246040258445e+00 8.053044728786495909e+00
7.909737500527688425e+00 7.934098111269610953e+00
7.909881782540209016e+00 7.801164648318723138e+00
8.067887692042203795e+00 8.124837101975735720e+00
8.031480660808995253e+00 8.115811234105088090e+00
7.925057673311735940e+00 8.166603592522550414e+00
7.920633885880832281e+00 8.055908143184998593e+00
7.965167320005973828e+00 7.981968688561231318e+00
8.173143830616155014e+00 7.850178511038663487e+00
7.819981574470684649e+00 8.124322664190781751e+00
8.142022472404891076e+00 8.083908807563426890e+00
7.921774621215583068e+00 7.828225461370420746e+00
8.093404220392450554e+00 7.930334835196442889e+00
8.054631848886373291e+00 8.095056394270267575e+00
7.963412940922231620e+00 7.967297063822413428e+00
7.931938601512460885e+00 8.141755804319865675e+00
7.976335746431856499e+00 7.977622505146417353e+00
8.168505241259520488e+00 7.933322427848771063e+00
7.965891634771304020e+00 8.043062567171697097e+00
8.151967771967386867e+00 7.918396904989374541e+00
7.947476586065447712e+00 8.146429048066629264e+00
8.059375137528169475e+00 8.073001829903295956e+00
7.892110882234764979e+00 7.892329737694631753e+00
7.998285591143197593e+00 8.038284063138624091e+00
8.027085519461193641e+00 8.109080588779995935e+00
7.962405185944290587e+00 7.981560335589517940e+00
8.053899051381980811e+00 7.988943128835837904e+00
8.003192342873592935e+00 8.071875617593651242e+00
7.850089089626872685e+00 8.034450557946616556e+00
7.890845685249793462e+00 8.010571567068838661e+00
8.000486955895876662e+00 7.798333196245589960e+00
8.067427020988501951e+00 8.028897455383223303e+00
8.171327081865669584e+00 7.851653999736397438e+00
7.801908652026724234e+00 7.862693954045221645e+00
7.985919292722829077e+00 8.044769235889795311e+00
8.033361526998895386e+00 7.955881324630736273e+00
7.876478421798743135e+00 7.956440517127435719e+00
7.973149745094403329e+00 8.057842308873324200e+00
8.013909111077978764e+00 7.945181165646777011e+00
8.024650942448269930e+00 7.818231945285881501e+00
7.810970590035952732e+00 8.051353208767546121e+00
8.129107442748335188e+00 8.095866325305751232e+00
8.129325309022785717e+00 7.982401493764766265e+00
8.128685160174207169e+00 8.205608731596852223e+00
7.924547045335213369e+00 8.044394293564392839e+00
8.104989630448175220e+00 7.951963404471529273e+00
8.102163912857079708e+00 8.214631822989673537e+00
7.859082529261127270e+00 7.658454642400282175e+00
8.190866780591191443e+00 7.826710899183390246e+00
7.974911785166447942e+00 7.939496694803017895e+00
7.910012306040403729e+00 8.250476204397820368e+00
8.040407071955304019e+00 8.126077036498212891e+00
8.066113385519086521e+00 7.818974043588000633e+00
8.017878941427190043e+00 8.004554962794879103e+00
8.109421075810985258e+00 8.232583390870523488e+00
8.246504502546777360e+00 7.962928526382523131e+00
7.989808638808111318e+00 7.870179648439338926e+00
8.008922464002877106e+00 8.068169228326016906e+00
7.999335428157251293e+00 8.117926925433264884e+00
8.128124687344811861e+00 7.972393071872104109e+00
7.878748360804922690e+00 8.129453274468717794e+00
7.833360904488870347e+00 7.976160531996056235e+00
7.928493933337868782e+00 7.934877137033568673e+00
8.082030328258387186e+00 7.973268977494710086e+00
7.998008700828089346e+00 8.178712051522385451e+00
7.913557733429779084e+00 7.957899222107643666e+00
7.919904006018355425e+00 7.906185708388647981e+00
8.132945417931217946e+00 8.010870977815141458e+00
8.002652812859846421e+00 8.102980479781333401e+00
8.136296648426787570e+00 7.955112635655767761e+00
7.883734739110639822e+00 8.026131471209680512e+00
8.063882294033430043e+00 8.186042275387773515e+00
8.049038437933035084e+00 8.132139961410944196e+00
7.919164280657497557e+00 8.227113829034069070e+00
7.944432125527068678e+00 7.865417784118133859e+00
8.021860405674324568e+00 8.171973338795346820e+00
8.002761277071492430e+00 8.074913723094923057e+00
8.040356569655049412e+00 8.059121757983094270e+00
8.037019107211596847e+00 7.908688287857389199e+00
7.898069034897293506e+00 8.155968783991109916e+00
8.017906926534722700e+00 8.158908921459987695e+00
8.056631842474873295e+00 8.174975350090067039e+00
8.039357931249139000e+00 7.981113537415839509e+00
8.141326089403561284e+00 8.148225398976212119e+00
8.015185764287595660e+00 8.046761567010161542e+00
8.027398625291821688e+00 8.075236193994214773e+00
7.978802085863542892e+00 7.991141462611799362e+00
7.957774231395274178e+00 8.048452837181988784e+00
7.832764847765549376e+00 7.973368447394814318e+00
8.005790335042245687e+00 8.129972148203673754e+00
7.958834554270671546e+00 7.973906416571902689e+00
8.083993686088279063e+00 7.783952201966515716e+00
7.910897571428129105e+00 7.930773904200359326e+00
8.063366101473866010e+00 7.999465509354517501e+00
8.116587288985023463e+00 7.873273289982146039e+00
8.029636068250006531e+00 8.031838909649584579e+00
8.046076411306787080e+00 7.928787332184808356e+00
7.959462137190569386e+00 8.104507197678305630e+00
8.138278276912965126e+00 7.921787211703615661e+00
7.915807837628952903e+00 8.005457752870503541e+00
8.085126706016014353e+00 7.963631479333779239e+00
8.068306258554368782e+00 8.097575510210859306e+00
7.807611947228929594e+00 8.154807566481018455e+00
8.168433391271504362e+00 8.062127113001753997e+00
8.128073101279047918e+00 7.936435278511309477e+00
7.973606172935343572e+00 8.007838832030024889e+00
8.075888324738489388e+00 8.040539978492933670e+00
8.050912727588462658e+00 8.022640478604911252e+00
7.986747782537210405e+00 7.781514606298914671e+00
7.907878818892088546e+00 7.933842194419423066e+00
7.981288852136538381e+00 8.048295732244440615e+00
8.108975999819520553e+00 8.093569601250914403e+00
7.812718826717237164e+00 7.960688085163163841e+00
7.990716091705658997e+00 8.140576317815018115e+00
8.020697011528978848e+00 7.904668598390652612e+00
8.100460726044380166e+00 8.001863209896319162e+00
7.967294765769944220e+00 8.023442137359200643e+00
8.099257296301280107e+00 7.923554174535077266e+00
8.104815104483842347e+00 8.069359003200624159e+00
7.951638158638791865e+00 7.930451558511799171e+00
7.878523358431701595e+00 8.048281055046237142e+00
8.170486416674975771e+00 8.079680421864273043e+00
8.125709186357573444e+00 8.169431580479365351e+00
7.993648744317845889e+00 7.904504622170212436e+00
8.086458129411431273e+00 8.186331595052449117e+00
7.990061146703294703e+00 8.047397101689481858e+00
8.105193290998435884e+00 7.887894594900175527e+00
8.031735092399140186e+00 8.007688875980790044e+00
8.189444783472550782e+00 7.857988488673051108e+00
7.991227984510767435e+00 8.096387392933037219e+00
8.122838159028258787e+00 8.023280498949432626e+00
7.954164795939020038e+00 7.946245736271292159e+00
7.829645174659597195e+00 7.970548308981460828e+00
8.009127601836089738e+00 7.960578777822838958e+00
8.096751959265402476e+00 8.122187209204657421e+00
7.980954581392857072e+00 8.030429983767946922e+00
8.154613238622060223e+00 7.998283909270042180e+00
8.037265386694894431e+00 8.035761590806465904e+00
7.699632524449294912e+00 8.098418246805993093e+00
7.845412740749989844e+00 7.997369580058106386e+00
8.018285317878561358e+00 7.921763809394983369e+00
8.131889087650851167e+00 7.879009968770892769e+00
8.112527088423730603e+00 7.889484771900175275e+00
7.883364466839605456e+00 7.937637846197596048e+00
7.909176779120567602e+00 8.061669042636365745e+00
7.965059871480705489e+00 8.114439872090763117e+00
8.014832909451500953e+00 8.085959913711885605e+00
8.052395774709133036e+00 8.087235934580929708e+00
8.021415355758632515e+00 7.955478210378276849e+00
8.102939460086943768e+00 8.111663388009516140e+00
8.315261857467719508e+00 7.886263363370733082e+00
7.951604504962402231e+00 8.078805660427237356e+00
7.939177273775452903e+00 7.936913528837971299e+00
8.034966170159357546e+00 8.121968381571548434e+00
7.975392791948184623e+00 7.905411464153166534e+00
8.089059747876840234e+00 8.089806000085774329e+00
8.214434769669763270e+00 8.088693214489849126e+00
7.749375030968979949e+00 8.093581550968520943e+00
7.879206039423206853e+00 7.989402923322289851e+00
7.780987598100173486e+00 8.170219263041776259e+00
7.984166969835399641e+00 7.879080577778830197e+00
8.007245698655122368e+00 8.135776647876999945e+00
7.997829306608721822e+00 7.855569700990674420e+00
8.248050839682885993e+00 8.040759011186374039e+00
8.094292745634383834e+00 8.014114617669601870e+00
7.761922363370916678e+00 8.069624083071602172e+00
8.006746296649740913e+00 7.877589550562909437e+00
8.160966116875851384e+00 8.276138340036865770e+00
7.998062980916063935e+00 8.124858381999359835e+00
7.939567337990550477e+00 8.061863778870598907e+00
7.844789475700452819e+00 8.149384369435438202e+00
7.992683057875926700e+00 8.124581021858890750e+00
8.036629287908574781e+00 8.173618218022998150e+00
7.961465018193123910e+00 7.901029531773539283e+00
8.101687534206575947e+00 7.871922531895457098e+00
7.980042287770894305e+00 7.852001579813991938e+00
7.951096539115647843e+00 7.992058150020286078e+00
7.877913265022287170e+00 7.975888010545612694e+00
8.002178786410031108e+00 7.936666121765227899e+00
8.082306129238086001e+00 8.023438170049519869e+00
7.928570492523227209e+00 7.899579420609775582e+00
8.135485572388844844e+00 7.975600987513461249e+00
7.920214356246883192e+00 8.007938794664624993e+00
7.825978296009024504e+00 8.121921784227636110e+00
7.952605479551350776e+00 7.904590836891816075e+00
8.024024844615386343e+00 7.981276417226535358e+00
8.060126799564731215e+00 7.868415371564485561e+00
7.818250660064240520e+00 7.992617401603891558e+00
8.129584706737560396e+00 8.055297095973081412e+00
7.980273496340916317e+00 7.910101627057423812e+00
8.040327478238870285e+00 8.065266900067552314e+00
7.969432601097096835e+00 7.955709369208928905e+00
8.014010723263851332e+00 8.017037620118907526e+00
8.050687756389685035e+00 8.108462293140238586e+00
8.000760039011355573e+00 8.173157051461299005e+00
7.893490958686284920e+00 8.166885128219423251e+00
7.918686610411326043e+00 7.948418734017055343e+00
8.041827296317672236e+00 7.844138550780334285e+00
7.894973774046415649e+00 8.094444725736277491e+00
8.130020397316840786e+00 7.833013531755773862e+00
7.984180494138441553e+00 8.116408199425560355e+00
8.159865255826460384e+00 7.839563206741605228e+00
8.065919241745065804e+00 8.023289111159886744e+00
8.045828309780036491e+00 7.900456343635521073e+00
8.096923986812424090e+00 8.139857214460448631e+00
7.797946797477978365e+00 7.910186390671644752e+00
8.054495613687242539e+00 7.916625432932762330e+00
7.968264088991822369e+00 7.969474319741100210e+00
8.079116976784696647e+00 8.049906732601256110e+00
7.804077764642610049e+00 8.088744942027398466e+00
8.071767182687016984e+00 8.171944210568650391e+00
7.909042585394267633e+00 8.087438466901256007e+00
7.896681810260347767e+00 8.000705542573426143e+00
7.954086367517693823e+00 8.064049131894661215e+00
7.990225907794853200e+00 8.073496156208440411e+00
8.054998897489882737e+00 7.972279669456247220e+00
7.851204943222718668e+00 7.862905160139869842e+00
7.932376355915391919e+00 8.140046890994707240e+00
7.926835695328582787e+00 7.986624452267737873e+00
7.898337585631519886e+00 8.104512944709060918e+00
7.922231020257506806e+00 8.068885155632806061e+00
8.011531938991920399e+00 7.894283173491552397e+00
7.998659058939045607e+00 7.897878438854986527e+00
8.101264422472109317e+00 7.907767025600095145e+00
7.912125017708580010e+00 8.003565986003147614e+00
8.078442601259016698e+00 7.907154168262508165e+00
7.997518636505469125e+00 7.919740922162238128e+00
8.026634484187749052e+00 7.978950155143708756e+00
8.090796353045996980e+00 8.041734802376419466e+00
8.054373857262023151e+00 8.086790128520547682e+00
8.124284582148602496e+00 7.985767992534447579e+00
8.182188577181724654e+00 8.009466106787289874e+00
8.026166788864289359e+00 8.009679171317452884e+00
7.955572204176240447e+00 8.110041965741958236e+00
7.960926700607055650e+00 7.969523134629247885e+00
8.056854871158066089e+00 8.107965555634182309e+00
8.070579902694142049e+00 7.949096913435155010e+00
7.959193711401828075e+00 7.910326774290699525e+00
7.888668990783781254e+00 7.929302362575499252e+00
8.205995137462842592e+00 7.963320082844351333e+00
7.821088576340087251e+00 8.123313962847955594e+00
7.831245629915803086e+00 7.902843477099729341e+00
7.848390216136248654e+00 7.982265799278653873e+00
8.020443320761270201e+00 7.802962626815783231e+00
7.872238919508732558e+00 7.913101823062216766e+00
8.126295262958349142e+00 7.987626489148486719e+00
7.971429302759807989e+00 8.111625278330354405e+00
7.867168306317140036e+00 7.985535691495691424e+00
8.117402927160908277e+00 8.100543715335874140e+00
7.944432119620548960e+00 8.016192224359601326e+00
7.915252882730629658e+00 7.858045866977949601e+00
7.947004503230013839e+00 7.947469875804745065e+00
7.840176285771666365e+00 7.986885169706383181e+00
7.961101208696178766e+00 7.888584285465818802e+00
7.906738508234918861e+00 7.834587723798104086e+00
8.170360230685034253e+00 8.051047471600091043e+00
7.922601555715049315e+00 7.933180334419775548e+00
8.002095518881432668e+00 8.024560295217696648e+00
8.046686653982435544e+00 8.001451590247180334e+00
8.039061978794611818e+00 7.927522867047112065e+00
7.995065138651318293e+00 8.053572773363690374e+00
7.995202586948621182e+00 7.814119634778390555e+00
8.111518776739313097e+00 8.096971804423885644e+00
7.915075355179079786e+00 7.924556070079361803e+00
8.125434767935294289e+00 8.024121096167482037e+00
7.970940700905201126e+00 8.014381665414186173e+00
7.990132045803383321e+00 8.007439846603141120e+00
8.015394484023616428e+00 8.003525280879108195e+00
8.248306661059253031e+00 7.894387443216734468e+00
8.119904450950700792e+00 7.970885579947334598e+00
7.834587929329482670e+00 8.072605183837344711e+00
7.990778356275716199e+00 7.985678070127631756e+00
8.135297364748019788e+00 8.009965682692106625e+00
8.041251294552855811e+00 8.038549916743528811e+00
8.156738212113383568e+00 7.980617363773129469e+00
8.108161842764296523e+00 8.130550211817295647e+00
7.906288171945681675e+00 8.183243303049856365e+00
7.859951775171360566e+00 7.773047467635403329e+00
7.796646126526361797e+00 7.897217955256345512e+00
7.915318165685028440e+00 7.961085199401607859e+00
7.963779670700907865e+00 7.973330180972601156e+00
8.039219641486655021e+00 7.976943539893802004e+00
8.159476405981706648e+00 7.969837074407648103e+00
8.008705967330310926e+00 8.006553489436623039e+00
7.970416552219917072e+00 8.021996477568382744e+00
7.977963662860641847e+00 8.122893733871190847e+00
8.046163649308537558e+00 8.108963868188336477e+00
7.954962819724510581e+00 8.024800396186591911e+00
7.852123035294445330e+00 7.929408227229513884e+00
7.959254966118824548e+00 7.996402997756367093e+00
8.043868866323768074e+00 7.947620420200770752e+00
8.134943897905523968e+00 7.822060378100823996e+00
7.784621298907684839e+00 7.919384813794429157e+00
8.046314331952340027e+00 7.966573151948846743e+00
7.817093709937999790e+00 7.985093167752619792e+00
8.073068188138538659e+00 8.079499276425877952e+00
8.215376183615497041e+00 7.938713601743422110e+00
8.046912771081672133e+00 7.781654117791972247e+00
7.925718277755677832e+00 7.910171181577651645e+00
8.052576554632574712e+00 8.217701966494265875e+00
7.996185105535868587e+00 8.085238499226807818e+00
8.006436437550100038e+00 8.126294657753877715e+00
8.251144668814106353e+00 7.946127980036077787e+00
8.009957842283700558e+00 7.908184091354923062e+00
8.126006615080182627e+00 8.009216416314353992e+00
8.072150202931542395e+00 8.092534387752015945e+00
8.008979799769448960e+00 8.149952818931556209e+00
8.223837891540402012e+00 7.792525682992528679e+00
7.933843258522410125e+00 8.001148518070152704e+00
7.994184860089186273e+00 8.025570681923468896e+00
8.060976965611438061e+00 8.022442506945637319e+00
8.080052838289605077e+00 8.138387568592492016e+00
8.155618256632491736e+00 8.103379125723847665e+00
8.015953838134734610e+00 7.936739529105756752e+00
8.078336589085433062e+00 7.803828912619339420e+00
8.006823561991721405e+00 8.015709456453746995e+00
7.953217859388630018e+00 7.723569460091894712e+00
8.000377503911355603e+00 8.056998320910006228e+00
8.002841081468995199e+00 7.982808110874027641e+00
7.958949916065484409e+00 7.992194670957869285e+00
8.077929173413883390e+00 7.888758866044369711e+00
8.027172444229130122e+00 7.915383717642609618e+00
8.041396916816891505e+00 7.965157724622912383e+00
7.790817855340605114e+00 8.168699989065922651e+00
8.018655279287290938e+00 7.976175933541852281e+00
7.900013006872735666e+00 7.954639846670062298e+00
8.051842039335582513e+00 7.960865751301245297e+00
8.039017766772264650e+00 8.043513444455806294e+00
7.893328711446349288e+00 8.127237690453826602e+00
7.815553083437648318e+00 7.952762126963733635e+00
7.934015553528067421e+00 8.106556953160234613e+00
8.081329204006491906e+00 8.040079605002599550e+00
7.946201519955049974e+00 7.950932053916121234e+00
8.187347574668955019e+00 8.065253667829159312e+00
8.025018330891803942e+00 8.093492584732139505e+00
8.060315923671907967e+00 7.996690043673007509e+00
8.085366905351822453e+00 7.843026873914372032e+00
8.047690954618110126e+00 8.133582333449805191e+00
7.893204137267657572e+00 8.096787124945599601e+00
8.045068473040830170e+00 8.023977788843378534e+00
7.963620802581855784e+00 7.909367898680152109e+00
8.042520809434531515e+00 8.024267272931066231e+00
7.836048460247578618e+00 8.004415031498135491e+00
8.066647146731407148e+00 7.901997775504887578e+00
7.821435898317487201e+00 8.033282743713582974e+00
7.976131150108889400e+00 7.948650507246861174e+00
7.964765751307756325e+00 8.072564390205968721e+00
7.968303477683807756e+00 7.945591731815343728e+00
8.138275868139691838e+00 7.964700926250525725e+00
7.997041147768211289e+00 8.000094578312481275e+00
8.040438256188256361e+00 8.010656154296029285e+00
8.082329054459844286e+00 7.965570076320543258e+00
7.795697342513289385e+00 7.916088509285194696e+00
7.981052367527711411e+00 7.825083248029200078e+00
8.182593786561072946e+00 8.060165208105745549e+00
7.960304408190046033e+00 8.202146614955685422e+00
8.046789258049022564e+00 7.957624326718933716e+00
7.980228135686643576e+00 7.982818201425847526e+00
8.123599139686739079e+00 8.052890872109413678e+00
7.942053897360403347e+00 8.009976816250016896e+00
7.787797634683187198e+00 7.977461002104811350e+00
7.888484430121335933e+00 7.927527477476010276e+00
8.184314681547418147e+00 8.086871167997214727e+00
8.046132551601944627e+00 8.037877343633688554e+00
7.818566332940481978e+00 8.216430169590433152e+00
8.306528687003154943e+00 7.914368233347158110e+00
7.850505060065750662e+00 8.046554232229540915e+00
7.971417218543715322e+00 7.944736734260771982e+00
7.958946426806856600e+00 7.945784756134779414e+00
7.854396850060441970e+00 7.675733682649487299e+00
8.068337136616072769e+00 8.050429141895680374e+00
7.973484165927398060e+00 8.047082697445754107e+00
8.086785962598080246e+00 8.186610690186167716e+00
8.042587553158540459e+00 7.840431729474168776e+00
7.954487088322672150e+00 8.160550681429056041e+00
7.935864438092925077e+00 7.946083705719604318e+00
7.929208907178567856e+00 7.920345388526842001e+00
8.038375060758751189e+00 7.970620712114768303e+00
8.016604166133703302e+00 8.112161150898190343e+00
7.954909630581805224e+00 8.111559012757089349e+00
8.145565176828002407e+00 7.974211762254693525e+00
8.062410942156981619e+00 8.079303750556897867e+00
8.162163467598205102e+00 8.139045258682180872e+00
8.091026787688187838e+00 8.077185469897704806e+00
8.100908556131450666e+00 7.856140456108581915e+00
8.164083060231487110e+00 8.103643342097589297e+00
7.864109324489155561e+00 8.105397940117848421e+00
8.101167690568971125e+00 8.091522452730959714e+00
7.834729247579040212e+00 7.977239288443361609e+00
7.852006716669274411e+00 8.034947837481698940e+00
7.975351453688872105e+00 7.985695430349075252e+00
8.083298156336562457e+00 7.928603417525585506e+00
8.275937610382124276e+00 7.803961508324090524e+00
8.034256443539828041e+00 7.923429573448254715e+00
7.931593283124287019e+00 8.061384552075608667e+00
8.017241424081504420e+00 8.026711563756464329e+00
8.054853725145205701e+00 7.996149393793990257e+00
7.998093251058896236e+00 8.072692096262228389e+00
7.871773721240147736e+00 8.054754385365095359e+00
8.110162743671461172e+00 8.069205018044803168e+00
8.035409406020123768e+00 8.074610487830721439e+00
7.908492731248489171e+00 8.078590257688006204e+00
7.945687666304837471e+00 7.924869342714456977e+00
7.952782102031483724e+00 8.184934664497095724e+00
8.121744529957029002e+00 7.948770045102723891e+00
7.918957578703060385e+00 8.283951281720597137e+00
8.052024828179016325e+00 8.014554399874553425e+00
7.995891163620241215e+00 7.984468423943582138e+00
8.224566268540671743e+00 8.022974370205144368e+00
8.041968485889299245e+00 7.911603272055120151e+00
8.037104531993591650e+00 7.957311088617000649e+00
7.885567611559334722e+00 7.947989136880071470e+00
7.935855523112790522e+00 7.978313018739485507e+00
7.932851837080970192e+00 8.072782784705076153e+00
7.887316127660676912e+00 8.023173579373537478e+00
8.064834959430713823e+00 7.937199316983204689e+00
7.959370903336168368e+00 8.070869344163501324e+00
8.031152705105066403e+00 8.125529472859517099e+00
7.934351347506863661e+00 7.914905057695664325e+00
8.021561560688402537e+00 8.030003490931772347e+00
8.011829254534124090e+00 8.101372261216846837e+00
7.832139937004044761e+00 8.226098871413897839e+00
7.996797699722332453e+00 7.945975423229966417e+00
8.134683555587562509e+00 7.787974985993592725e+00
7.933314529788167313e+00 8.001842735505034554e+00
8.040377401243711475e+00 8.057839828768894819e+00
8.077514571594564430e+00 8.058107071944631272e+00
8.014426698026197116e+00 8.204949583520397383e+00
7.908250313320413838e+00 7.900353278796670153e+00
8.044421331808088382e+00 7.981276214335133901e+00
7.931500251295934945e+00 8.072561082487194284e+00
7.843248333971967412e+00 7.869821852165342690e+00
7.927156383588275013e+00 8.106641959041986922e+00
8.195332505671354184e+00 7.999157976820853833e+00
8.019983262404579705e+00 8.002994492781542846e+00
8.109281251902242360e+00 8.055691036494065926e+00
7.829600087517998297e+00 8.102056279243495140e+00
7.824358662806311315e+00 7.952560523964737449e+00
8.148290426801255038e+00 7.804813603093371022e+00
8.189578280025129331e+00 7.885357020042023102e+00
7.954679329102232188e+00 7.800260304709357939e+00
8.095910038187327018e+00 7.995583881576547647e+00
8.166368672108289317e+00 7.958677412104759874e+00
7.973165465417625164e+00 7.904841684516711986e+00
8.168508138726695123e+00 8.029548162010190282e+00
8.048916182201253378e+00 8.015420980847395072e+00
8.088460683479544500e+00 8.106541966849524883e+00
8.075397906035604478e+00 7.929807687788104964e+00
8.114926391081350943e+00 7.963920243727780068e+00
8.126851087160021692e+00 7.960361091761641639e+00
8.090605543218492457e+00 8.057020545070455952e+00
8.116262106799528198e+00 7.982713329491817333e+00
7.966272684857464093e+00 8.132179810672948150e+00
7.983405131726749815e+00 8.056037683602472299e+00
7.957390367534184605e+00 7.946057646233895433e+00
7.940793674231304777e+00 7.929579276503123886e+00
8.019070198661877313e+00 7.965050857446377641e+00
7.907075447469003926e+00 8.174368547646215788e+00
7.945793931481388128e+00 8.088242065144571669e+00
7.963986666863888786e+00 7.916686528500144426e+00
8.158631353973579081e+00 7.977169469068222440e+00
7.884668943517467277e+00 7.928331600242100485e+00
8.139643645207062406e+00 7.985061182850668793e+00
7.947722018418726719e+00 8.002407089215397562e+00
8.074828398297084320e+00 8.072592967475690884e+00
8.138836436284490716e+00 8.117027393491893505e+00
8.022407786094680304e+00 7.937440548040808785e+00
8.144062837616015571e+00 8.138442631563002294e+00
8.116450022213719251e+00 7.891078854744287163e+00
7.995036878716352824e+00 8.008156579365209637e+00
8.076627538870456036e+00 8.080060715875168498e+00
